STATIONS_ID;MESS_DATUM;QN_6;  RS; RSF;NSH_TAG;SH_TAG;eor
       3362;20180119;    3;  13.9;   8;-999;   0;eor
       3362;20180120;    3;  11.2;   8;-999;   1;eor
       3362;20180121;    3;   5.5;   8;-999;   0;eor
       3362;20180122;    3;  13.4;   6;-999;   0;eor
       3362;20180123;    3;   0.3;   6;-999;   0;eor
       3362;20180124;    3;   0.0;   0;-999;   0;eor
       3362;20180125;    3;   0.3;   6;-999;   0;eor
       3362;20180126;    3;   3.6;   6;-999;   0;eor
       3362;20180127;    3;   0.0;   6;-999;   0;eor
       3362;20180128;    3;   0.0;   6;-999;   0;eor
       3362;20180129;    3;   2.3;   6;-999;   0;eor
       3362;20180130;    3;   0.3;   6;-999;   0;eor
       3362;20180131;    3;  10.4;   6;-999;   0;eor
       3362;20180201;    3;   2.4;   8;-999;   0;eor
       3362;20180202;    3;   0.3;   8;-999;   0;eor
       3362;20180203;    3;   0.1;   8;-999;   0;eor
       3362;20180204;    3;   2.3;   8;-999;   0;eor
       3362;20180205;    3;   0.0;   0;-999;   0;eor
       3362;20180206;    3;   0.0;   0;-999;   0;eor
       3362;20180207;    3;   0.0;   0;-999;   0;eor
       3362;20180208;    3;   0.0;   0;-999;   0;eor
       3362;20180209;    3;   0.0;   0;-999;   0;eor
       3362;20180210;    3;   0.0;   7;-999;   0;eor
       3362;20180211;    3;   1.1;   8;-999;   0;eor
       3362;20180212;    3;   0.6;   8;-999;   0;eor
       3362;20180213;    3;   0.0;   0;-999;   0;eor
       3362;20180214;    3;   0.0;   0;-999;   0;eor
       3362;20180215;    3;   8.9;   8;-999;   0;eor
       3362;20180216;    3;   0.4;   6;-999;   0;eor
       3362;20180217;    3;   6.7;   8;-999;   0;eor
       3362;20180218;    3;   0.0;   0;-999;   1;eor
       3362;20180219;    3;   0.0;   0;-999;   0;eor
       3362;20180220;    3;   0.0;   0;-999;   0;eor
       3362;20180221;    3;   0.0;   0;-999;   0;eor
       3362;20180222;    3;   0.0;   0;-999;   0;eor
       3362;20180223;    3;   0.0;   0;-999;   0;eor
       3362;20180224;    3;   0.0;   0;-999;   0;eor
       3362;20180225;    3;   0.0;   0;-999;   0;eor
       3362;20180226;    3;   0.1;   7;-999;   0;eor
       3362;20180227;    3;   0.0;   0;-999;   0;eor
       3362;20180228;    3;   0.0;   0;-999;   0;eor
       3362;20180301;    3;   0.0;   0;-999;   0;eor
       3362;20180302;    3;   0.2;   8;-999;   0;eor
       3362;20180303;    3;   0.6;   6;-999;   1;eor
       3362;20180304;    3;   0.0;   6;-999;   1;eor
       3362;20180305;    3;   0.0;   0;-999;   0;eor
       3362;20180306;    3;   0.0;   6;-999;   0;eor
       3362;20180307;    3;   0.4;   6;-999;   0;eor
       3362;20180308;    3;   0.1;   6;-999;   0;eor
       3362;20180309;    3;   0.1;   6;-999;   0;eor
       3362;20180310;    3;   0.7;   6;-999;   0;eor
       3362;20180311;    3;   0.6;   6;-999;   0;eor
       3362;20180312;    3;   1.8;   6;-999;   0;eor
       3362;20180313;    3;   5.1;   6;-999;   0;eor
       3362;20180314;    3;   0.0;   6;-999;   0;eor
       3362;20180315;    3;   0.0;   6;-999;   0;eor
       3362;20180316;    3;   0.1;   6;-999;   0;eor
       3362;20180317;    3;   4.6;   8;-999;   0;eor
       3362;20180318;    3;   0.0;   0;-999;   4;eor
       3362;20180319;    3;   0.0;   7;-999;   1;eor
       3362;20180320;    3;   0.6;   7;-999;   0;eor
       3362;20180321;    3;   0.0;   0;-999;   0;eor
       3362;20180322;    3;   0.7;   8;-999;   0;eor
       3362;20180323;    3;   0.3;   8;-999;   0;eor
       3362;20180324;    3;   0.0;   0;-999;   0;eor
       3362;20180325;    3;   0.0;   0;-999;   0;eor
       3362;20180326;    3;   0.8;   6;-999;   0;eor
       3362;20180327;    3;   0.3;   6;-999;   0;eor
       3362;20180328;    3;   3.6;   4;-999;   0;eor
       3362;20180329;    3;   0.0;   0;-999;   0;eor
       3362;20180330;    3;   2.8;   6;-999;   0;eor
       3362;20180331;    3;   0.0;   6;-999;   0;eor
       3362;20180401;    3;   2.0;   6;-999;   0;eor
       3362;20180402;    3;   0.0;   6;-999;   0;eor
       3362;20180403;    3;   0.1;   6;-999;   0;eor
       3362;20180404;    3;   0.7;   6;-999;   0;eor
       3362;20180405;    3;   0.3;   6;-999;   0;eor
       3362;20180406;    3;   0.0;   0;-999;   0;eor
       3362;20180407;    3;   0.0;   0;-999;   0;eor
       3362;20180408;    3;   0.0;   0;-999;   0;eor
       3362;20180409;    3;   0.0;   6;-999;   0;eor
       3362;20180410;    3;   5.2;   6;-999;   0;eor
       3362;20180411;    3;   0.0;   0;-999;   0;eor
       3362;20180412;    3;   0.0;   0;-999;   0;eor
       3362;20180413;    3;   1.5;   6;-999;   0;eor
       3362;20180414;    3;   0.0;   0;-999;   0;eor
       3362;20180415;    3;   0.4;   6;-999;   0;eor
       3362;20180416;    3;   0.0;   0;-999;   0;eor
       3362;20180417;    3;   0.0;   0;-999;   0;eor
       3362;20180418;    3;   0.0;   0;-999;   0;eor
       3362;20180419;    3;   0.0;   0;-999;   0;eor
       3362;20180420;    3;   0.0;   0;-999;   0;eor
       3362;20180421;    3;   0.0;   0;-999;   0;eor
       3362;20180422;    3;   0.0;   0;-999;   0;eor
       3362;20180423;    3;   2.4;   6;-999;   0;eor
       3362;20180424;    3;   0.0;   0;-999;   0;eor
       3362;20180425;    3;   3.1;   6;-999;   0;eor
       3362;20180426;    3;   0.0;   6;-999;   0;eor
       3362;20180427;    3;   0.0;   0;-999;   0;eor
       3362;20180428;    3;   3.1;   6;-999;   0;eor
       3362;20180429;    3;   0.5;   6;-999;   0;eor
       3362;20180430;    3;   0.0;   0;-999;   0;eor
       3362;20180501;    3;   0.0;   0;-999;-999;eor
       3362;20180502;    3;   0.3;   6;-999;-999;eor
       3362;20180503;    3;   0.0;   0;-999;-999;eor
       3362;20180504;    3;   0.0;   0;-999;-999;eor
       3362;20180505;    3;   0.0;   0;-999;-999;eor
       3362;20180506;    3;   0.0;   0;-999;-999;eor
       3362;20180507;    3;   0.0;   0;-999;-999;eor
       3362;20180508;    3;   0.0;   0;-999;-999;eor
       3362;20180509;    3;   0.3;   6;-999;-999;eor
       3362;20180510;    3;   1.1;   6;-999;-999;eor
       3362;20180511;    3;   0.0;   0;-999;-999;eor
       3362;20180512;    3;   0.0;   6;-999;-999;eor
       3362;20180513;    3;   4.5;   6;-999;-999;eor
       3362;20180514;    3;   4.1;   6;-999;-999;eor
       3362;20180515;    3;   8.9;   6;-999;-999;eor
       3362;20180516;    3;   5.2;   6;-999;-999;eor
       3362;20180517;    3;   1.9;   6;-999;-999;eor
       3362;20180518;    3;   0.0;   0;-999;-999;eor
       3362;20180519;    3;   5.5;   6;-999;-999;eor
       3362;20180520;    3;   5.0;   6;-999;-999;eor
       3362;20180521;    3;   0.0;   0;-999;-999;eor
       3362;20180522;    3;  12.8;   8;-999;-999;eor
       3362;20180523;    3;   0.2;   6;-999;-999;eor
       3362;20180524;    3;   1.6;   6;-999;-999;eor
       3362;20180525;    3;   0.0;   0;-999;-999;eor
       3362;20180526;    3;   0.0;   0;-999;-999;eor
       3362;20180527;    3;   0.0;   0;-999;-999;eor
       3362;20180528;    3;   0.0;   0;-999;-999;eor
       3362;20180529;    3;   0.0;   6;-999;-999;eor
       3362;20180530;    3;   0.0;   6;-999;-999;eor
       3362;20180531;    3;  50.6;   8;-999;-999;eor
       3362;20180601;    3;   0.0;   0;-999;-999;eor
       3362;20180602;    3;   0.0;   0;-999;-999;eor
       3362;20180603;    3;   0.0;   0;-999;-999;eor
       3362;20180604;    3;   0.0;   0;-999;-999;eor
       3362;20180605;    3;   0.0;   0;-999;-999;eor
       3362;20180606;    3;   0.0;   0;-999;-999;eor
       3362;20180607;    3;   8.6;   6;-999;-999;eor
       3362;20180608;    3;   0.0;   0;-999;-999;eor
       3362;20180609;    3;   0.0;   6;-999;-999;eor
       3362;20180610;    3;   0.0;   0;-999;-999;eor
       3362;20180611;    3;   4.7;   6;-999;-999;eor
       3362;20180612;    3;   2.5;   6;-999;-999;eor
       3362;20180613;    3;   0.0;   0;-999;-999;eor
       3362;20180614;    3;   0.0;   0;-999;-999;eor
       3362;20180615;    3;   0.0;   0;-999;-999;eor
       3362;20180616;    3;   0.0;   6;-999;-999;eor
       3362;20180617;    3;   0.0;   0;-999;-999;eor
       3362;20180618;    3;   0.0;   0;-999;-999;eor
       3362;20180619;    3;   0.0;   0;-999;-999;eor
       3362;20180620;    3;   0.0;   0;-999;-999;eor
       3362;20180621;    3;   0.0;   6;-999;-999;eor
       3362;20180622;    3;   0.0;   0;-999;-999;eor
       3362;20180623;    3;   0.0;   0;-999;-999;eor
       3362;20180624;    3;   0.0;   0;-999;-999;eor
       3362;20180625;    3;   0.0;   0;-999;-999;eor
       3362;20180626;    3;   0.0;   0;-999;-999;eor
       3362;20180627;    3;   0.0;   4;-999;-999;eor
       3362;20180628;    3;   0.3;   6;-999;-999;eor
       3362;20180629;    3;   0.0;   6;-999;-999;eor
       3362;20180630;    3;   0.0;   0;-999;-999;eor
       3362;20180701;    3;   0.0;   0;-999;-999;eor
       3362;20180702;    3;   0.0;   0;-999;-999;eor
       3362;20180703;    3;   0.0;   6;-999;-999;eor
       3362;20180704;    3;   0.0;   6;-999;-999;eor
       3362;20180705;    3;   2.3;   6;-999;-999;eor
       3362;20180706;    3;   7.4;   8;-999;-999;eor
       3362;20180707;    3;   0.0;   0;-999;-999;eor
       3362;20180708;    3;   0.0;   0;-999;-999;eor
       3362;20180709;    3;   0.0;   6;-999;-999;eor
       3362;20180710;    3;   0.7;   6;-999;-999;eor
       3362;20180711;    3;   0.0;   0;-999;-999;eor
       3362;20180712;    3;   0.2;   6;-999;-999;eor
       3362;20180713;    3;   0.4;   6;-999;-999;eor
       3362;20180714;    3;   0.0;   0;-999;-999;eor
       3362;20180715;    3;   5.1;   6;-999;-999;eor
       3362;20180716;    3;   0.0;   0;-999;-999;eor
       3362;20180717;    3;   0.2;   6;-999;-999;eor
       3362;20180718;    3;   0.0;   0;-999;-999;eor
       3362;20180719;    3;   0.0;   0;-999;-999;eor
       3362;20180720;    3;   0.4;   6;-999;-999;eor
       3362;20180721;    3;   2.9;   6;-999;-999;eor
       3362;20180722;    3;  16.1;   8;-999;-999;eor
       3362;20180723;    3;   0.0;   0;-999;-999;eor
       3362;20180724;    3;   0.0;   0;-999;-999;eor
       3362;20180725;    3;   0.0;   0;-999;-999;eor
       3362;20180726;    3;   0.0;   0;-999;-999;eor
       3362;20180727;    3;   0.0;   0;-999;-999;eor
       3362;20180728;    3;   0.0;   6;-999;-999;eor
       3362;20180729;    3;   0.0;   0;-999;-999;eor
       3362;20180730;    3;   0.0;   0;-999;-999;eor
       3362;20180731;    3;   0.0;   6;-999;-999;eor
       3362;20180801;    3;   6.2;   6;-999;-999;eor
       3362;20180802;    3;   0.0;   0;-999;-999;eor
       3362;20180803;    3;   0.0;   0;-999;-999;eor
       3362;20180804;    3;   0.0;   0;-999;-999;eor
       3362;20180805;    3;   0.0;   0;-999;-999;eor
       3362;20180806;    3;   0.0;   0;-999;-999;eor
       3362;20180807;    3;   0.0;   6;-999;-999;eor
       3362;20180808;    3;   0.0;   6;-999;-999;eor
       3362;20180809;    3;   1.5;   6;-999;-999;eor
       3362;20180810;    3;   0.0;   0;-999;-999;eor
       3362;20180811;    3;   0.0;   0;-999;-999;eor
       3362;20180812;    3;   0.0;   0;-999;-999;eor
       3362;20180813;    3;   1.0;   6;-999;-999;eor
       3362;20180814;    3;   0.0;   6;-999;-999;eor
       3362;20180815;    3;   0.0;   0;-999;-999;eor
       3362;20180816;    3;   0.0;   0;-999;-999;eor
       3362;20180817;    3;   0.0;   6;-999;-999;eor
       3362;20180818;    3;   0.0;   0;-999;-999;eor
       3362;20180819;    3;   0.0;   0;-999;-999;eor
       3362;20180820;    3;   0.0;   0;-999;-999;eor
       3362;20180821;    3;   0.0;   0;-999;-999;eor
       3362;20180822;    3;   0.0;   0;-999;-999;eor
       3362;20180823;    3;   0.0;   6;-999;-999;eor
       3362;20180824;    3;   1.6;   6;-999;-999;eor
       3362;20180825;    3;   0.7;   6;-999;-999;eor
       3362;20180826;    3;   0.0;   0;-999;-999;eor
       3362;20180827;    3;   0.0;   6;-999;-999;eor
       3362;20180828;    3;   0.0;   0;-999;-999;eor
       3362;20180829;    3;   0.0;   6;-999;-999;eor
       3362;20180830;    3;   0.0;   6;-999;-999;eor
       3362;20180831;    3;   5.0;   4;-999;-999;eor
       3362;20180901;    3;   1.5;   4;-999;-999;eor
       3362;20180902;    3;   0.5;   4;-999;-999;eor
       3362;20180903;    3;   0.0;   6;-999;-999;eor
       3362;20180904;    3;   0.0;   0;-999;-999;eor
       3362;20180905;    3;   0.0;   0;-999;-999;eor
       3362;20180906;    3;   8.2;   8;-999;-999;eor
       3362;20180907;    3;   0.0;   6;-999;-999;eor
       3362;20180908;    3;   0.0;   0;-999;-999;eor
       3362;20180909;    3;   0.0;   0;-999;-999;eor
       3362;20180910;    3;   0.0;   0;-999;-999;eor
       3362;20180911;    3;   0.0;   0;-999;-999;eor
       3362;20180912;    3;   0.7;   6;-999;-999;eor
       3362;20180913;    3;   2.1;   4;-999;-999;eor
       3362;20180914;    3;   0.0;   0;-999;-999;eor
       3362;20180915;    3;   0.0;   0;-999;-999;eor
       3362;20180916;    3;   0.0;   0;-999;-999;eor
       3362;20180917;    3;   0.0;   0;-999;-999;eor
       3362;20180918;    3;   0.0;   0;-999;-999;eor
       3362;20180919;    3;   0.0;   0;-999;-999;eor
       3362;20180920;    3;   0.0;   0;-999;-999;eor
       3362;20180921;    3;   0.3;   6;-999;-999;eor
       3362;20180922;    3;   1.5;   6;-999;-999;eor
       3362;20180923;    3;  23.6;   8;-999;-999;eor
       3362;20180924;    3;   0.0;   0;-999;-999;eor
       3362;20180925;    3;   0.0;   0;-999;-999;eor
       3362;20180926;    3;   0.0;   0;-999;-999;eor
       3362;20180927;    3;   0.0;   0;-999;-999;eor
       3362;20180928;    3;   0.0;   4;-999;-999;eor
       3362;20180929;    3;   0.0;   0;-999;-999;eor
       3362;20180930;    3;   0.0;   0;-999;-999;eor
       3362;20181001;    3;   0.4;   4;-999;-999;eor
       3362;20181002;    3;   0.0;   6;-999;   0;eor
       3362;20181003;    3;   0.1;   6;-999;   0;eor
       3362;20181004;    3;   0.0;   0;-999;   0;eor
       3362;20181005;    3;   0.0;   0;-999;   0;eor
       3362;20181006;    3;   0.0;   0;-999;   0;eor
       3362;20181007;    3;   0.0;   0;-999;   0;eor
       3362;20181008;    3;   0.0;   0;-999;   0;eor
       3362;20181009;    3;   0.0;   0;-999;   0;eor
       3362;20181010;    3;   0.0;   0;-999;   0;eor
       3362;20181011;    3;   0.0;   6;-999;   0;eor
       3362;20181012;    3;   0.0;   0;-999;   0;eor
       3362;20181013;    3;   0.0;   0;-999;   0;eor
       3362;20181014;    3;   0.0;   0;-999;   0;eor
       3362;20181015;    3;   0.0;   0;-999;   0;eor
       3362;20181016;    3;   0.0;   0;-999;   0;eor
       3362;20181017;    3;   0.0;   0;-999;   0;eor
       3362;20181018;    3;   0.0;   0;-999;   0;eor
       3362;20181019;    3;   0.0;   0;-999;   0;eor
       3362;20181020;    3;   0.0;   0;-999;   0;eor
       3362;20181021;    3;   0.0;   0;-999;   0;eor
       3362;20181022;    3;   0.0;   0;-999;   0;eor
       3362;20181023;    3;   0.0;   6;-999;   0;eor
       3362;20181024;    3;   1.2;   6;-999;   0;eor
       3362;20181025;    3;   0.0;   6;-999;   0;eor
       3362;20181026;    3;   0.9;   6;-999;   0;eor
       3362;20181027;    3;   3.7;   6;-999;   0;eor
       3362;20181028;    3;  11.2;   6;-999;   0;eor
       3362;20181029;    3;   0.0;   6;-999;   0;eor
       3362;20181030;    3;   0.5;   6;-999;   0;eor
       3362;20181031;    3;   0.0;   0;-999;   0;eor
       3362;20181101;    3;   0.8;   6;-999;   0;eor
       3362;20181102;    3;   0.0;   6;-999;   0;eor
       3362;20181103;    3;   0.0;   0;-999;   0;eor
       3362;20181104;    3;   0.0;   0;-999;   0;eor
       3362;20181105;    3;   0.0;   0;-999;   0;eor
       3362;20181106;    3;   0.0;   0;-999;   0;eor
       3362;20181107;    3;   0.3;   6;-999;   0;eor
       3362;20181108;    3;   0.0;   6;-999;   0;eor
       3362;20181109;    3;   0.0;   0;-999;   0;eor
       3362;20181110;    3;   0.7;   6;-999;   0;eor
       3362;20181111;    3;   1.6;   6;-999;   0;eor
       3362;20181112;    3;   0.7;   6;-999;   0;eor
       3362;20181113;    3;   1.6;   6;-999;   0;eor
       3362;20181114;    3;   0.0;   0;-999;   0;eor
       3362;20181115;    3;   0.0;   0;-999;   0;eor
       3362;20181116;    3;   0.0;   0;-999;   0;eor
       3362;20181117;    3;   0.0;   0;-999;   0;eor
       3362;20181118;    3;   0.0;   0;-999;   0;eor
       3362;20181119;    3;   0.0;   8;-999;   0;eor
       3362;20181120;    3;   0.0;   0;-999;   0;eor
       3362;20181121;    3;   0.0;   0;-999;   0;eor
       3362;20181122;    3;   0.0;   0;-999;   0;eor
       3362;20181123;    3;   1.6;   6;-999;   0;eor
       3362;20181124;    3;   0.0;   6;-999;   0;eor
       3362;20181125;    3;   0.0;   6;-999;   0;eor
       3362;20181126;    3;   4.4;   6;-999;   0;eor
       3362;20181127;    3;   0.7;   6;-999;   0;eor
       3362;20181128;    3;   0.1;   6;-999;   0;eor
       3362;20181129;    3;   0.0;   6;-999;   0;eor
       3362;20181130;    3;   4.0;   6;-999;   0;eor
       3362;20181201;    3;   0.7;   6;-999;   0;eor
       3362;20181202;    3;   6.9;   6;-999;   0;eor
       3362;20181203;    3;  14.8;   6;-999;   0;eor
       3362;20181204;    3;   0.2;   6;-999;   0;eor
       3362;20181205;    3;   1.5;   6;-999;   0;eor
       3362;20181206;    3;   1.0;   6;-999;   0;eor
       3362;20181207;    3;   0.9;   6;-999;   0;eor
       3362;20181208;    3;   2.3;   6;-999;   0;eor
       3362;20181209;    3;   3.3;   6;-999;   0;eor
       3362;20181210;    3;   1.9;   8;-999;   0;eor
       3362;20181211;    3;   0.1;   8;-999;   0;eor
       3362;20181212;    3;   0.1;   8;-999;   0;eor
       3362;20181213;    3;   0.0;   7;-999;   0;eor
       3362;20181214;    3;   0.0;   0;-999;   0;eor
       3362;20181215;    3;   1.3;   7;-999;   0;eor
       3362;20181216;    3;   0.4;   8;-999;   2;eor
       3362;20181217;    3;   1.0;   6;-999;   0;eor
       3362;20181218;    3;   0.0;   0;-999;   0;eor
       3362;20181219;    3;   0.9;   6;-999;   0;eor
       3362;20181220;    3;   0.4;   6;-999;   0;eor
       3362;20181221;    3;  11.7;   6;-999;   0;eor
       3362;20181222;    3;  24.5;   6;-999;   0;eor
       3362;20181223;    3;  21.6;   8;-999;   0;eor
       3362;20181224;    3;   0.0;   6;-999;   0;eor
       3362;20181225;    3;   0.0;   0;-999;   0;eor
       3362;20181226;    3;   0.0;   0;-999;   0;eor
       3362;20181227;    3;   0.0;   0;-999;   0;eor
       3362;20181228;    3;   0.0;   0;-999;   0;eor
       3362;20181229;    3;   0.3;   6;-999;-999;eor
       3362;20181230;    3;   0.6;   6;-999;-999;eor
       3362;20181231;    3;   0.5;   6;-999;-999;eor
       3362;20190101;    3;   1.0;   8;-999;-999;eor
       3362;20190102;    3;   0.0;   8;-999;-999;eor
       3362;20190103;    3;   0.4;   8;-999;   0;eor
       3362;20190104;    3;   1.1;   8;-999;   0;eor
       3362;20190105;    3;   5.2;   8;-999;   0;eor
       3362;20190106;    3;   1.6;   6;-999;   0;eor
       3362;20190107;    3;   0.2;   6;-999;   0;eor
       3362;20190108;    3;   3.9;   8;-999;   0;eor
       3362;20190109;    3;   3.8;   8;-999;   0;eor
       3362;20190110;    3;   0.1;   8;-999;   0;eor
       3362;20190111;    3;   1.6;   8;-999;   0;eor
       3362;20190112;    3;   5.5;   6;-999;   0;eor
       3362;20190113;    3;  24.1;   6;-999;   0;eor
       3362;20190114;    3;   1.9;   8;-999;   0;eor
       3362;20190115;    3;   0.0;   6;-999;   0;eor
       3362;20190116;    3;   0.0;   6;-999;   0;eor
       3362;20190117;    3;   1.7;   8;-999;   0;eor
       3362;20190118;    3;   0.1;   8;-999;   0;eor
       3362;20190119;    3;   0.0;   0;-999;   0;eor
       3362;20190120;    3;   0.0;   0;-999;   0;eor
       3362;20190121;    3;   0.0;   0;-999;   0;eor
       3362;20190122;    3;   0.0;   0;-999;   0;eor
       3362;20190123;    3;   0.1;   8;-999;   0;eor
       3362;20190124;    3;   0.2;   7;-999;   1;eor
       3362;20190125;    3;   3.3;   8;-999;   2;eor
       3362;20190126;    3;   0.1;   6;-999;   1;eor
       3362;20190127;    3;   2.5;   8;-999;   0;eor
       3362;20190128;    3;   5.0;   8;-999;   0;eor
       3362;20190129;    3;   0.0;   7;-999;   0;eor
       3362;20190130;    3;   0.0;   8;-999;   0;eor
       3362;20190131;    3;   1.3;   8;-999;   0;eor
       3362;20190201;    3;   4.8;   6;-999;   0;eor
       3362;20190202;    3;   0.0;   6;-999;   0;eor
       3362;20190203;    3;   0.1;   8;-999;   0;eor
       3362;20190204;    3;   0.0;   0;-999;   0;eor
       3362;20190205;    3;   0.0;   0;-999;   0;eor
       3362;20190206;    3;   0.0;   0;-999;   0;eor
       3362;20190207;    3;   0.4;   6;-999;   0;eor
       3362;20190208;    3;   0.8;   6;-999;   0;eor
       3362;20190209;    3;   0.2;   6;-999;   0;eor
       3362;20190210;    3;   7.2;   6;-999;   0;eor
       3362;20190211;    3;   0.4;   6;-999;   0;eor
       3362;20190212;    3;   0.0;   0;-999;   0;eor
       3362;20190213;    3;   0.0;   0;-999;   0;eor
       3362;20190214;    3;   0.0;   0;-999;   0;eor
       3362;20190215;    3;   0.0;   0;-999;   0;eor
       3362;20190216;    3;   0.0;   0;-999;   0;eor
       3362;20190217;    3;   0.0;   0;-999;   0;eor
       3362;20190218;    3;   0.0;   0;-999;   0;eor
       3362;20190219;    3;   0.0;   6;-999;   0;eor
       3362;20190220;    3;   0.0;   0;-999;   0;eor
       3362;20190221;    3;   0.0;   6;-999;   0;eor
       3362;20190222;    3;   0.3;   6;-999;   0;eor
       3362;20190223;    3;   0.0;   0;-999;   0;eor
       3362;20190224;    3;   0.0;   0;-999;   0;eor
       3362;20190225;    3;   0.0;   0;-999;   0;eor
       3362;20190226;    3;   0.0;   0;-999;   0;eor
       3362;20190227;    3;   0.0;   0;-999;   0;eor
       3362;20190228;    3;   3.6;   6;-999;   0;eor
       3362;20190301;    3;   7.3;   6;-999;   0;eor
       3362;20190302;    3;   0.0;   6;-999;   0;eor
       3362;20190303;    3;   0.0;   6;-999;   0;eor
       3362;20190304;    3;   4.4;   6;-999;   0;eor
       3362;20190305;    3;   3.0;   6;-999;   0;eor
       3362;20190306;    3;   0.0;   6;-999;   0;eor
       3362;20190307;    3;   2.8;   6;-999;   0;eor
       3362;20190308;    3;   0.6;   6;-999;   0;eor
       3362;20190309;    3;   2.8;   6;-999;   0;eor
       3362;20190310;    3;   3.0;   6;-999;   0;eor
       3362;20190311;    3;   5.0;   8;-999;   0;eor
       3362;20190312;    3;   0.2;   8;-999;   0;eor
       3362;20190313;    3;   1.7;   6;-999;   0;eor
       3362;20190314;    3;   4.3;   6;-999;   0;eor
       3362;20190315;    3;   6.9;   6;-999;   0;eor
       3362;20190316;    3;   0.0;   6;-999;   0;eor
       3362;20190317;    3;   3.4;   6;-999;   0;eor
       3362;20190318;    3;   1.8;   8;-999;   0;eor
       3362;20190319;    3;   0.0;   0;-999;   0;eor
       3362;20190320;    3;   0.0;   0;-999;   0;eor
       3362;20190321;    3;   0.0;   0;-999;   0;eor
       3362;20190322;    3;   0.0;   0;-999;   0;eor
       3362;20190323;    3;   0.0;   0;-999;   0;eor
       3362;20190324;    3;   0.0;   0;-999;   0;eor
       3362;20190325;    3;   0.4;   6;-999;   0;eor
       3362;20190326;    3;   0.0;   6;-999;   0;eor
       3362;20190327;    3;   0.0;   0;-999;   0;eor
       3362;20190328;    3;   0.0;   0;-999;   0;eor
       3362;20190329;    3;   0.0;   0;-999;   0;eor
       3362;20190330;    3;   0.0;   0;-999;   0;eor
       3362;20190331;    3;   0.0;   0;-999;   0;eor
       3362;20190401;    3;   0.0;   0;-999;   0;eor
       3362;20190402;    3;   1.6;   6;-999;   0;eor
       3362;20190403;    3;   8.4;   6;-999;   0;eor
       3362;20190404;    3;   0.3;   6;-999;   0;eor
       3362;20190405;    3;   0.0;   0;-999;   0;eor
       3362;20190406;    3;   0.0;   0;-999;   0;eor
       3362;20190407;    3;   0.0;   0;-999;   0;eor
       3362;20190408;    3;   0.0;   6;-999;   0;eor
       3362;20190409;    3;   1.1;   6;-999;   0;eor
       3362;20190410;    3;   0.0;   6;-999;   0;eor
       3362;20190411;    3;   0.0;   0;-999;   0;eor
       3362;20190412;    3;   0.0;   0;-999;   0;eor
       3362;20190413;    3;   1.6;   8;-999;   0;eor
       3362;20190414;    3;   0.1;   8;-999;   0;eor
       3362;20190415;    3;   0.0;   0;-999;   0;eor
       3362;20190416;    3;   2.7;   6;-999;   0;eor
       3362;20190417;    3;   0.4;   6;-999;   0;eor
       3362;20190418;    3;   0.0;   0;-999;   0;eor
       3362;20190419;    3;   0.0;   0;-999;   0;eor
       3362;20190420;    3;   0.0;   0;-999;   0;eor
       3362;20190421;    3;   0.0;   0;-999;   0;eor
       3362;20190422;    3;   0.0;   0;-999;   0;eor
       3362;20190423;    3;   0.0;   0;-999;   0;eor
       3362;20190424;    3;   0.0;   6;-999;   0;eor
       3362;20190425;    3;   0.0;   6;-999;   0;eor
       3362;20190426;    3;   3.6;   6;-999;   0;eor
       3362;20190427;    3;   9.0;   6;-999;   0;eor
       3362;20190428;    3;   0.0;   6;-999;   0;eor
       3362;20190429;    3;   2.3;   6;-999;   0;eor
       3362;20190430;    3;   0.0;   0;-999;   0;eor
       3362;20190501;    3;   0.0;   0;-999;-999;eor
       3362;20190502;    3;   2.4;   6;-999;-999;eor
       3362;20190503;    3;   0.2;   6;-999;-999;eor
       3362;20190504;    3;   5.8;   6;-999;-999;eor
       3362;20190505;    3;   0.0;   6;-999;-999;eor
       3362;20190506;    3;   0.5;   6;-999;-999;eor
       3362;20190507;    3;   0.4;   6;-999;-999;eor
       3362;20190508;    3;   8.0;   6;-999;-999;eor
       3362;20190509;    3;   6.0;   6;-999;-999;eor
       3362;20190510;    3;   5.0;   6;-999;-999;eor
       3362;20190511;    3;   8.4;   8;-999;-999;eor
       3362;20190512;    3;   0.0;   0;-999;-999;eor
       3362;20190513;    3;   0.0;   0;-999;-999;eor
       3362;20190514;    3;   0.0;   0;-999;-999;eor
       3362;20190515;    3;   0.0;   0;-999;-999;eor
       3362;20190516;    3;   0.0;   0;-999;-999;eor
       3362;20190517;    3;   1.7;   6;-999;-999;eor
       3362;20190518;    3;   0.0;   6;-999;-999;eor
       3362;20190519;    3;   0.5;   6;-999;-999;eor
       3362;20190520;    3;  22.4;   6;-999;-999;eor
       3362;20190521;    3;  42.7;   6;-999;-999;eor
       3362;20190522;    3;   0.0;   0;-999;-999;eor
       3362;20190523;    3;   0.0;   0;-999;-999;eor
       3362;20190524;    3;   0.0;   0;-999;-999;eor
       3362;20190525;    3;   0.0;   6;-999;-999;eor
       3362;20190526;    3;   0.0;   0;-999;-999;eor
       3362;20190527;    3;   6.9;   6;-999;-999;eor
       3362;20190528;    3;   0.7;   6;-999;-999;eor
       3362;20190529;    3;   0.4;   6;-999;-999;eor
       3362;20190530;    3;   0.0;   0;-999;-999;eor
       3362;20190531;    3;   0.0;   0;-999;-999;eor
       3362;20190601;    3;   0.0;   0;-999;-999;eor
       3362;20190602;    3;   0.0;   0;-999;-999;eor
       3362;20190603;    3;  20.2;   8;-999;-999;eor
       3362;20190604;    3;   0.0;   0;-999;-999;eor
       3362;20190605;    3;   0.1;   6;-999;-999;eor
       3362;20190606;    3;   1.1;   6;-999;-999;eor
       3362;20190607;    3;   1.7;   6;-999;-999;eor
       3362;20190608;    3;   0.0;   0;-999;-999;eor
       3362;20190609;    3;   0.9;   6;-999;-999;eor
       3362;20190610;    3;  19.9;   6;-999;-999;eor
       3362;20190611;    3;   0.1;   6;-999;-999;eor
       3362;20190612;    3;   8.1;   6;-999;-999;eor
       3362;20190613;    3;   0.0;   0;-999;-999;eor
       3362;20190614;    3;   0.0;   6;-999;-999;eor
       3362;20190615;    3;  12.3;   6;-999;-999;eor
       3362;20190616;    3;   0.0;   6;-999;-999;eor
       3362;20190617;    3;   0.0;   0;-999;-999;eor
       3362;20190618;    3;   0.0;   6;-999;-999;eor
       3362;20190619;    3;   0.1;   6;-999;-999;eor
       3362;20190620;    3;   0.0;   0;-999;-999;eor
       3362;20190621;    3;   0.0;   0;-999;-999;eor
       3362;20190622;    3;  24.7;   8;-999;-999;eor
       3362;20190623;    1;   0.0;   0;-999;-999;eor
       3362;20190624;    1;   0.0;   0;-999;-999;eor
       3362;20190625;    1;   0.0;   0;-999;-999;eor
       3362;20190626;    1;   0.0;   0;-999;-999;eor
       3362;20190627;    1;   0.0;   0;-999;-999;eor
       3362;20190628;    1;   0.0;   0;-999;-999;eor
       3362;20190629;    1;   0.0;   0;-999;-999;eor
       3362;20190630;    1;   0.0;   0;-999;-999;eor
       3362;20190701;    1;   0.0;   6;-999;-999;eor
       3362;20190702;    1;   0.0;   0;-999;-999;eor
       3362;20190703;    1;   0.0;   0;-999;-999;eor
       3362;20190704;    1;   0.0;   0;-999;-999;eor
       3362;20190705;    1;   0.0;   0;-999;-999;eor
       3362;20190706;    1;   0.6;   6;-999;-999;eor
       3362;20190707;    1;   2.5;   6;-999;-999;eor
       3362;20190708;    1;   0.0;   0;-999;-999;eor
       3362;20190709;    1;   0.0;   0;-999;-999;eor
       3362;20190710;    1;   0.0;   0;-999;-999;eor
       3362;20190711;    1;   6.6;   6;-999;-999;eor
       3362;20190712;    1;   8.3;   6;-999;-999;eor
       3362;20190713;    1;   1.4;   6;-999;-999;eor
       3362;20190714;    1;   8.4;   6;-999;-999;eor
       3362;20190715;    1;   0.0;   0;-999;-999;eor
       3362;20190716;    1;   0.0;   0;-999;-999;eor
       3362;20190717;    1;   0.0;   0;-999;-999;eor
       3362;20190718;    1;   0.0;   6;-999;-999;eor
       3362;20190719;    1;   0.0;   6;-999;-999;eor
       3362;20190720;    1;   7.3;   6;-999;-999;eor
       3362;20190721;    1;   0.0;   0;-999;-999;eor
       3362;20190722;    1;   0.0;   0;-999;-999;eor
