STATIONS_ID;MESS_DATUM;  QN;PP_10;TT_10;TM5_10;RF_10;TD_10;eor
       3925;201907210000;    2;   -999;  18.8;  17.9;  90.4;  17.2;eor
       3925;201907210010;    2;   -999;  18.7;  18.0;  92.3;  17.4;eor
       3925;201907210020;    2;   -999;  18.7;  18.0;  90.8;  17.2;eor
       3925;201907210030;    2;   -999;  18.5;  18.0;  93.8;  17.5;eor
       3925;201907210040;    2;   -999;  18.5;  17.7;  89.8;  16.8;eor
       3925;201907210050;    2;   -999;  18.3;  17.6;  92.3;  17.0;eor
       3925;201907210100;    2;   -999;  18.4;  17.7;  91.6;  17.0;eor
       3925;201907210110;    2;   -999;  18.7;  18.1;  88.7;  16.8;eor
       3925;201907210120;    2;   -999;  18.3;  17.6;  92.4;  17.1;eor
       3925;201907210130;    2;   -999;  18.3;  17.6;  92.2;  17.0;eor
       3925;201907210140;    2;   -999;  18.3;  17.5;  92.5;  17.1;eor
       3925;201907210150;    2;   -999;  18.2;  17.5;  93.4;  17.1;eor
       3925;201907210200;    2;   -999;  18.2;  17.5;  92.2;  16.9;eor
       3925;201907210210;    2;   -999;  18.2;  17.2;  92.2;  16.9;eor
       3925;201907210220;    2;   -999;  17.9;  17.1;  93.1;  16.8;eor
       3925;201907210230;    2;   -999;  18.5;  17.8;  89.3;  16.7;eor
       3925;201907210240;    2;   -999;  18.5;  18.0;  89.8;  16.8;eor
       3925;201907210250;    2;   -999;  18.5;  17.6;  89.7;  16.8;eor
       3925;201907210300;    2;   -999;  18.4;  17.5;  91.9;  17.1;eor
       3925;201907210310;    2;   -999;  18.4;  17.5;  89.9;  16.7;eor
       3925;201907210320;    2;   -999;  18.1;  17.0;  92.1;  16.8;eor
       3925;201907210330;    2;   -999;  18.0;  16.8;  91.6;  16.6;eor
       3925;201907210340;    2;   -999;  17.6;  16.2;  92.9;  16.4;eor
       3925;201907210350;    2;   -999;  17.5;  16.1;  93.2;  16.4;eor
       3925;201907210400;    2;   -999;  17.6;  16.4;  92.3;  16.3;eor
       3925;201907210410;    2;   -999;  17.8;  16.3;  90.9;  16.3;eor
       3925;201907210420;    2;   -999;  17.8;  16.5;  91.2;  16.3;eor
       3925;201907210430;    2;   -999;  18.7;  17.4;  87.3;  16.6;eor
       3925;201907210440;    2;   -999;  18.8;  17.7;  86.8;  16.6;eor
       3925;201907210450;    2;   -999;  19.2;  18.0;  84.2;  16.5;eor
       3925;201907210500;    2;   -999;  19.2;  18.0;  84.2;  16.5;eor
       3925;201907210510;    2;   -999;  19.6;  18.6;  84.3;  16.9;eor
       3925;201907210520;    2;   -999;  19.5;  18.7;  84.4;  16.8;eor
       3925;201907210530;    2;   -999;  19.5;  18.4;  84.6;  16.8;eor
       3925;201907210540;    2;   -999;  19.7;  19.1;  84.7;  17.1;eor
       3925;201907210550;    2;   -999;  20.3;  19.6;  82.5;  17.2;eor
       3925;201907210600;    2;   -999;  20.6;  20.1;  79.9;  17.0;eor
       3925;201907210610;    2;   -999;  20.8;  20.5;  80.6;  17.3;eor
       3925;201907210620;    2;   -999;  21.1;  20.8;  79.1;  17.3;eor
       3925;201907210630;    2;   -999;  21.6;  22.0;  78.0;  17.6;eor
       3925;201907210640;    2;   -999;  21.5;  21.7;  75.4;  17.0;eor
       3925;201907210650;    2;   -999;  21.7;  22.4;  76.5;  17.4;eor
       3925;201907210700;    2;   -999;  21.8;  22.6;  74.8;  17.1;eor
       3925;201907210710;    2;   -999;  22.0;  23.0;  74.6;  17.3;eor
       3925;201907210720;    2;   -999;  21.9;  23.2;  73.2;  16.9;eor
       3925;201907210730;    2;   -999;  22.3;  23.4;  71.9;  17.0;eor
       3925;201907210740;    2;   -999;  22.4;  23.9;  72.2;  17.2;eor
       3925;201907210750;    2;   -999;  22.5;  24.3;  71.7;  17.1;eor
       3925;201907210800;    2;   -999;  22.5;  24.3;  70.5;  16.9;eor
       3925;201907210810;    2;   -999;  22.8;  24.8;  68.8;  16.8;eor
       3925;201907210820;    2;   -999;  22.7;  24.3;  68.7;  16.7;eor
       3925;201907210830;    2;   -999;  22.9;  24.8;  67.3;  16.5;eor
       3925;201907210840;    2;   -999;  23.4;  25.6;  64.0;  16.2;eor
       3925;201907210850;    2;   -999;  23.6;  25.4;  64.3;  16.5;eor
       3925;201907210900;    2;   -999;  23.4;  25.9;  64.9;  16.4;eor
       3925;201907210910;    2;   -999;  23.9;  26.3;  64.4;  16.8;eor
       3925;201907210920;    2;   -999;  24.0;  26.2;  64.1;  16.8;eor
       3925;201907210930;    2;   -999;  23.8;  26.4;  61.3;  15.9;eor
       3925;201907210940;    2;   -999;  24.5;  27.3;  60.6;  16.4;eor
       3925;201907210950;    2;   -999;  24.4;  27.0;  60.2;  16.2;eor
       3925;201907211000;    2;   -999;  24.2;  27.2;  59.0;  15.7;eor
       3925;201907211010;    2;   -999;  24.7;  27.8;  56.8;  15.6;eor
       3925;201907211020;    2;   -999;  24.2;  26.8;  55.3;  14.7;eor
       3925;201907211030;    2;   -999;  24.9;  27.4;  54.0;  15.0;eor
       3925;201907211040;    2;   -999;  25.1;  28.1;  53.3;  14.9;eor
       3925;201907211050;    2;   -999;  24.7;  27.1;  53.4;  14.6;eor
       3925;201907211100;    2;   -999;  25.7;  28.4;  50.6;  14.7;eor
       3925;201907211110;    2;   -999;  25.4;  28.2;  50.6;  14.4;eor
       3925;201907211120;    2;   -999;  25.2;  27.8;  49.4;  13.9;eor
       3925;201907211130;    2;   -999;  25.6;  28.7;  50.2;  14.5;eor
       3925;201907211140;    2;   -999;  25.8;  28.7;  49.7;  14.5;eor
       3925;201907211150;    2;   -999;  26.2;  29.6;  52.6;  15.8;eor
       3925;201907211200;    2;   -999;  25.1;  28.5;  55.4;  15.5;eor
       3925;201907211210;    2;   -999;  25.6;  27.7;  51.3;  14.8;eor
       3925;201907211220;    2;   -999;  25.6;  29.5;  50.7;  14.6;eor
